# secondary 0.200 0.700 0.200
-71.120240 42.395598
-71.120326 42.395634
-71.120475 42.395697

# secondary 0.200 0.700 0.200
-71.119800 42.392323
-71.120219 42.392779
-71.120249 42.392815
-71.120315 42.392893
-71.120378 42.392974
-71.120487 42.393159
-71.120834 42.393720
-71.120899 42.393826

# residential 0.700 0.700 0.700
-71.124631 42.397340
-71.124689 42.397465
-71.124702 42.397519
-71.124695 42.397567
-71.124635 42.397662
-71.124377 42.397861
-71.124215 42.397986
-71.124060 42.398106
-71.123993 42.398142
-71.123963 42.398156
-71.123932 42.398169
-71.123891 42.398186
-71.123886 42.398188

# residential 0.700 0.700 0.700
-71.116228 42.396642
-71.116255 42.396601
-71.116590 42.396122
-71.116633 42.396045

# residential 0.700 0.700 0.700
-71.119385 42.391883
-71.119316 42.391961
-71.118540 42.392834
-71.118366 42.393117
-71.118340 42.393163

# secondary 0.200 0.700 0.200
-71.120623 42.394091
-71.120563 42.394062
-71.120466 42.394025
-71.119975 42.393825
-71.119650 42.393690
-71.119083 42.393465
-71.119029 42.393444
-71.118746 42.393332
-71.118340 42.393163
-71.117746 42.392925
-71.117668 42.392896

# residential 0.700 0.700 0.700
-71.123257 42.396415
-71.123278 42.396460
-71.123463 42.396858
-71.123494 42.396880
-71.123532 42.396894
-71.123583 42.396901
-71.124484 42.396943
-71.124763 42.396787
-71.124794 42.396770
-71.125218 42.396518
-71.125268 42.396488
-71.125316 42.396460
-71.125794 42.396179
-71.126013 42.396042
-71.126064 42.396010

# residential 0.700 0.700 0.700
-71.118340 42.393163
-71.118309 42.393216
-71.118085 42.393555

# residential 0.700 0.700 0.700
-71.117751 42.394532
-71.117711 42.394589
-71.117542 42.394836
-71.117431 42.394993

# residential 0.700 0.700 0.700
-71.121457 42.394735
-71.121358 42.394769
-71.121128 42.394981
-71.120957 42.395142
-71.120852 42.395241
-71.120655 42.395432
-71.120602 42.395489
-71.120525 42.395613
-71.120510 42.395636
-71.120475 42.395697

# residential 0.700 0.700 0.700
-71.125267 42.393048
-71.125196 42.393095
-71.124304 42.393706
-71.123824 42.394025
-71.123770 42.394060

# tertiary 0.200 0.500 0.900
-71.116819 42.394129
-71.116776 42.394187
-71.116446 42.394630
-71.116291 42.394857
-71.116143 42.395083
-71.116035 42.395250
-71.115781 42.395622
-71.115750 42.395669
-71.115730 42.395696
-71.115681 42.395762
-71.115314 42.396282
-71.114913 42.396860
-71.114689 42.397187
-71.114393 42.397620
-71.114363 42.397664
-71.114340 42.397699
-71.114301 42.397752
-71.114281 42.397782
-71.113440 42.399033
-71.112800 42.399972
-71.112712 42.400090

# residential 0.700 0.700 0.700
-71.118800 42.391332
-71.118728 42.391390
-71.117706 42.392849
-71.117668 42.392896
-71.117638 42.392937
-71.117432 42.393246
-71.117230 42.393544
-71.117200 42.393586
-71.116861 42.394064
-71.116819 42.394129

# residential 0.700 0.700 0.700
-71.119843 42.396761
-71.119782 42.396736
-71.117852 42.395963

# residential 0.700 0.700 0.700
-71.116880 42.395645
-71.116663 42.396002
-71.116633 42.396045

# residential 0.700 0.700 0.700
-71.117121 42.396996
-71.117150 42.396954
-71.117477 42.396479
-71.117528 42.396402

# residential 0.700 0.700 0.700
-71.126064 42.396010
-71.126109 42.395984
-71.126178 42.395946
-71.126219 42.395923

# residential 0.700 0.700 0.700
-71.119843 42.396761
-71.119901 42.396784
-71.120501 42.397025
-71.120731 42.397118
-71.120952 42.397207
-71.121135 42.397276
-71.121229 42.397311
-71.121304 42.397339
-71.121625 42.397460

# residential 0.700 0.700 0.700
-71.119559 42.397211
-71.119599 42.397150
-71.119843 42.396761

# residential 0.700 0.700 0.700
-71.117431 42.394993
-71.117377 42.394973
-71.116558 42.394671
-71.116530 42.394661
-71.116446 42.394630

# secondary 0.200 0.700 0.200
-71.117668 42.392896
-71.117604 42.392861
-71.116952 42.392509
-71.116328 42.392168
-71.115844 42.391899
-71.115743 42.391847
-71.114980 42.391429

# secondary 0.200 0.700 0.200
-71.122409 42.396240
-71.122363 42.396127
-71.122325 42.396053
-71.122282 42.395981
-71.122201 42.395853
-71.122049 42.395611
-71.121863 42.395333
-71.121820 42.395270
-71.121500 42.394797
-71.121457 42.394735

# residential 0.700 0.700 0.700
-71.121863 42.395333
-71.121937 42.395283
-71.122503 42.394908
-71.122921 42.394621
-71.122975 42.394584
-71.123018 42.394556
-71.123719 42.394094
-71.123770 42.394060

# residential 0.700 0.700 0.700
-71.123835 42.391801
-71.123767 42.391852
-71.123239 42.392218
-71.123180 42.392257
-71.123033 42.392353
-71.122991 42.392381

# secondary 0.200 0.700 0.200
-71.123257 42.396415
-71.123497 42.396376
-71.124056 42.396279
-71.124120 42.396242
-71.124430 42.396063
-71.124592 42.395969
-71.125393 42.395504
-71.125420 42.395488
-71.125476 42.395459

# residential 0.700 0.700 0.700
-71.126153 42.393698
-71.126227 42.393652
-71.127397 42.392934
-71.127461 42.392886
-71.127552 42.392683
-71.127553 42.392618

# residential 0.700 0.700 0.700
-71.127598 42.391574
-71.127582 42.392084
-71.127563 42.392394
-71.127553 42.392554
-71.127553 42.392618

# residential 0.700 0.700 0.700
-71.128833 42.396213
-71.128736 42.396273
-71.127652 42.396942
-71.127610 42.396969

# residential 0.700 0.700 0.700
-71.120219 42.392779
-71.120290 42.392731
-71.121225 42.392089
-71.121267 42.392060

# residential 0.700 0.700 0.700
-71.128019 42.392731
-71.127993 42.392789
-71.127750 42.393338
-71.127752 42.393379
-71.127782 42.393424
-71.128330 42.393912
-71.128358 42.393938

# residential 0.700 0.700 0.700
-71.126470 42.392541
-71.126488 42.392484
-71.126548 42.390886
-71.126531 42.390859
-71.126525 42.390852
-71.126456 42.390811

# residential 0.700 0.700 0.700
-71.127866 42.395362
-71.127971 42.395311
-71.128037 42.395270
-71.128787 42.394808
-71.129521 42.394363
-71.129923 42.394119
-71.130247 42.393922
-71.130729 42.393647
-71.130810 42.393601

# residential 0.700 0.700 0.700
-71.126380 42.395825
-71.126428 42.395870
-71.126985 42.396395
-71.127021 42.396429
-71.127072 42.396476
-71.127577 42.396938
-71.127610 42.396969
-71.127658 42.397014
-71.127893 42.397230
-71.128032 42.397352

# secondary 0.200 0.700 0.200
-71.126423 42.393941
-71.126332 42.393994

# residential 0.700 0.700 0.700
-71.129020 42.392979
-71.128939 42.393027
-71.128765 42.393420
-71.128698 42.393574
-71.128612 42.393732
-71.128500 42.393843
-71.128358 42.393938
-71.127910 42.394208
-71.127283 42.394588
-71.127207 42.394635

# residential 0.700 0.700 0.700
-71.127881 42.394770
-71.127638 42.394926
-71.127575 42.394962

# residential 0.700 0.700 0.700
-71.121665 42.392380
-71.121620 42.392410
-71.120567 42.393118
-71.120487 42.393159

# residential 0.700 0.700 0.700
-71.122158 42.392770
-71.121665 42.392380
-71.121267 42.392060
-71.121003 42.391843
-71.120429 42.391383
-71.120021 42.391057
-71.119960 42.391008
-71.119897 42.390957
-71.119440 42.390544
-71.118934 42.390087
-71.118895 42.390051

# residential 0.700 0.700 0.700
-71.126470 42.392541
-71.126452 42.392601
-71.126466 42.392784
-71.126442 42.392824

# residential 0.700 0.700 0.700
-71.127598 42.395112
-71.127523 42.395155
-71.126464 42.395778
-71.126380 42.395825
-71.126325 42.395858
-71.126219 42.395923

# residential 0.700 0.700 0.700
-71.128607 42.397790
-71.128361 42.398022
-71.128276 42.398103

# residential 0.700 0.700 0.700
-71.127610 42.396969
-71.127575 42.396990
-71.127354 42.397132

# residential 0.700 0.700 0.700
-71.128251 42.395709
-71.128175 42.395749
-71.127065 42.396403
-71.127021 42.396429

# residential 0.700 0.700 0.700
-71.128675 42.398829
-71.128595 42.398783
-71.128000 42.398414
-71.127948 42.398389
-71.127721 42.398259
-71.127398 42.398075
-71.127340 42.398055

# tertiary 0.200 0.500 0.900
-71.121441 42.397956
-71.121339 42.397920
-71.120966 42.397770
-71.120803 42.397705
-71.120515 42.397590
-71.119559 42.397211
-71.119278 42.397101
-71.118887 42.396948
-71.118604 42.396830
-71.118002 42.396599

# secondary 0.200 0.700 0.200
-71.120623 42.394091
-71.120577 42.394135
-71.120268 42.394427
-71.120173 42.394514
-71.119955 42.394715
-71.119483 42.395156

# residential 0.700 0.700 0.700
-71.126700 42.397930
-71.126651 42.397908
-71.125961 42.397856
-71.125788 42.397843
-71.125213 42.397804
-71.125117 42.397794

# residential 0.700 0.700 0.700
-71.120501 42.394565
-71.120313 42.394451
-71.120268 42.394427

# residential 0.700 0.700 0.700
-71.120761 42.401107
-71.120803 42.401035
-71.121390 42.400419
-71.122116 42.399657
-71.122474 42.399281
-71.122695 42.399020
-71.123299 42.398306
-71.123361 42.398233
-71.123570 42.397986
-71.123593 42.397959
-71.123608 42.397939
-71.123650 42.397889

# residential 0.700 0.700 0.700
-71.119590 42.395780
-71.119231 42.395633

# residential 0.700 0.700 0.700
-71.126012 42.397064
-71.125718 42.397314

# residential 0.700 0.700 0.700
-71.127967 42.400489
-71.127929 42.400522
-71.126611 42.401694
-71.126584 42.401718
-71.126566 42.401734
-71.126520 42.401780

# residential 0.700 0.700 0.700
-71.117264 42.397744
-71.117221 42.397728
-71.116480 42.397449
-71.115791 42.397190
-71.115731 42.397168
-71.115595 42.397116
-71.114999 42.396892
-71.114913 42.396860

# residential 0.700 0.700 0.700
-71.119473 42.395294
-71.119440 42.395339
-71.119426 42.395359
-71.119231 42.395633
-71.119146 42.395742
-71.118935 42.395657

# residential 0.700 0.700 0.700
-71.120391 42.399429
-71.120350 42.399473
-71.119873 42.399950
-71.119366 42.400477
-71.119099 42.400734
-71.119044 42.400804

# residential 0.700 0.700 0.700
-71.124284 42.400282
-71.124168 42.400223
-71.123738 42.399986
-71.123677 42.399955

# residential 0.700 0.700 0.700
-71.118604 42.396830
-71.118567 42.396880
-71.118383 42.397175

# residential 0.700 0.700 0.700
-71.125398 42.397555
-71.125117 42.397794
-71.124256 42.398471
-71.124238 42.398486
-71.124218 42.398497
-71.124168 42.398525

# residential 0.700 0.700 0.700
-71.119955 42.394715
-71.119890 42.394671
-71.119409 42.394482
-71.119285 42.394430
-71.119007 42.394318
-71.118352 42.394051
-71.117718 42.393792
-71.117311 42.393629
-71.117280 42.393614
-71.117200 42.393586

# residential 0.700 0.700 0.700
-71.128557 42.400838
-71.127967 42.400489
-71.127727 42.400352
-71.127483 42.400194
-71.127355 42.400119
-71.127292 42.400080

# residential 0.700 0.700 0.700
-71.128276 42.398103
-71.127979 42.398365
-71.127948 42.398389
-71.127942 42.398394
-71.127639 42.398669
-71.127214 42.399054
-71.126976 42.399270
-71.125773 42.400348
-71.125759 42.400362
-71.125740 42.400379
-71.125700 42.400423

# residential 0.700 0.700 0.700
-71.119029 42.393444
-71.119066 42.393390
-71.119743 42.392411
-71.119800 42.392323

# residential 0.700 0.700 0.700
-71.119650 42.393690
-71.119676 42.393650
-71.120199 42.392887
-71.120249 42.392815

# residential 0.700 0.700 0.700
-71.122975 42.394584
-71.123032 42.394631
-71.123557 42.395067

# residential 0.700 0.700 0.700
-71.117608 42.397190
-71.117121 42.396996
-71.116228 42.396642
-71.115599 42.396399
-71.115424 42.396327
-71.115396 42.396316
-71.115314 42.396282

# residential 0.700 0.700 0.700
-71.127214 42.399054
-71.127173 42.399031
-71.126656 42.398723

# secondary 0.200 0.700 0.200
-71.122325 42.396486
-71.122376 42.396334
-71.122409 42.396240

# tertiary 0.200 0.500 0.900
-71.128790 42.398723
-71.128700 42.398807
-71.128675 42.398829
-71.128256 42.399208
-71.128076 42.399370
-71.127812 42.399608
-71.127539 42.399856
-71.127292 42.400080

# residential 0.700 0.700 0.700
-71.119873 42.399950
-71.119809 42.399912
-71.119764 42.399889
-71.119010 42.399503
-71.118986 42.399490
-71.118915 42.399440

# residential 0.700 0.700 0.700
-71.120340 42.394952
-71.120009 42.394753
-71.119955 42.394715

# residential 0.700 0.700 0.700
-71.126700 42.397930
-71.126690 42.397979
-71.125323 42.399753
-71.125294 42.399789
-71.125281 42.399811
-71.125247 42.399854

# residential 0.700 0.700 0.700
-71.122991 42.392381
-71.122336 42.392827
-71.122279 42.392866
-71.122223 42.392903
-71.121689 42.393265
-71.121488 42.393405
-71.121006 42.393735
-71.120946 42.393781
-71.120899 42.393826

# residential 0.700 0.700 0.700
-71.116952 42.392509
-71.116986 42.392458
-71.117243 42.392071
-71.117675 42.391500
-71.118206 42.390961
-71.118222 42.390944
-71.118285 42.390881

# residential 0.700 0.700 0.700
-71.117582 42.398910
-71.117551 42.398952
-71.117531 42.398978
-71.117425 42.399120
-71.117208 42.399413
-71.117080 42.399559
-71.116956 42.399654
-71.116830 42.399733
-71.116720 42.399773
-71.116597 42.399794
-71.116484 42.399798
-71.116366 42.399783
-71.116245 42.399761
-71.116036 42.399681
-71.116012 42.399672
-71.115938 42.399643

# residential 0.700 0.700 0.700
-71.127129 42.397148
-71.127124 42.397203
-71.127111 42.397356

# residential 0.700 0.700 0.700
-71.128557 42.400838
-71.126892 42.402332
-71.126866 42.402356
-71.126842 42.402377
-71.126793 42.402426

# residential 0.700 0.700 0.700
-71.119366 42.400477
-71.119300 42.400443
-71.118490 42.400034
-71.118289 42.399930
-71.118207 42.399884

# residential 0.700 0.700 0.700
-71.120430 42.401786
-71.120368 42.401766
-71.119405 42.401481
-71.118783 42.401321
-71.118515 42.401232
-71.118243 42.401106
-71.118098 42.401022
-71.118081 42.400923
-71.118075 42.400875
-71.118084 42.400835

# residential 0.700 0.700 0.700
-71.126064 42.396010
-71.126033 42.395981
-71.125536 42.395513
-71.125513 42.395492
-71.125476 42.395459
-71.125429 42.395416
-71.124870 42.394940
-71.124847 42.394920
-71.124803 42.394882
-71.124761 42.394848
-71.124363 42.394520
-71.123815 42.394094
-71.123770 42.394060
-71.123731 42.394027
-71.123492 42.393831
-71.123130 42.393536
-71.123081 42.393493
-71.123040 42.393462
-71.122364 42.392931
-71.122279 42.392866
-71.122224 42.392823
-71.122158 42.392770

# residential 0.700 0.700 0.700
-71.114333 42.400635
-71.114382 42.400563
-71.114973 42.399693
-71.114992 42.399665
-71.115027 42.399613
-71.115047 42.399583
-71.115584 42.398783
-71.115856 42.398377
-71.115871 42.398357
-71.115918 42.398288
-71.115967 42.398215
-71.116440 42.397509
-71.116480 42.397449

# residential 0.700 0.700 0.700
-71.121049 42.396594
-71.120996 42.396687
-71.120763 42.397066
-71.120731 42.397118

# secondary 0.200 0.700 0.200
-71.122573 42.396508
-71.122409 42.396240

# residential 0.700 0.700 0.700
-71.123081 42.393493
-71.123154 42.393445
-71.123659 42.393111
-71.124585 42.392549
-71.124655 42.392506

# residential 0.700 0.700 0.700
-71.121488 42.393405
-71.121533 42.393442
-71.122084 42.393878
-71.122385 42.394117
-71.122948 42.394562
-71.122975 42.394584

# residential 0.700 0.700 0.700
-71.122304 42.393753
-71.122140 42.393847
-71.122084 42.393878

# residential 0.700 0.700 0.700
-71.121027 42.399769
-71.120970 42.399735
-71.120391 42.399429
-71.119851 42.399147
-71.119827 42.399134
-71.119749 42.399077

# residential 0.700 0.700 0.700
-71.124794 42.396770
-71.125258 42.397228

# residential 0.700 0.700 0.700
-71.123299 42.398306
-71.123233 42.398275
-71.122954 42.398143
-71.122649 42.397998
-71.122213 42.397805
-71.121776 42.397612
-71.121746 42.397599
-71.121669 42.397568

# residential 0.700 0.700 0.700
-71.116328 42.392168
-71.116362 42.392118
-71.117359 42.390666
-71.117582 42.390365
-71.117599 42.390341
-71.117651 42.390270

# residential 0.700 0.700 0.700
-71.117091 42.398006
-71.117154 42.398029
-71.119634 42.398998
-71.119675 42.399014
-71.119749 42.399077

# residential 0.700 0.700 0.700
-71.124690 42.399157
-71.124726 42.399123
-71.124748 42.399103
-71.125918 42.397905
-71.125961 42.397856

# residential 0.700 0.700 0.700
-71.115159 42.392795
-71.115243 42.392827
-71.117065 42.393520
-71.117101 42.393535
-71.117200 42.393586

# residential 0.700 0.700 0.700
-71.117639 42.397224
-71.117489 42.397446
-71.117356 42.397622
-71.117264 42.397744
-71.117091 42.398006

# residential 0.700 0.700 0.700
-71.118915 42.399440
-71.118847 42.399394
-71.118801 42.399376
-71.118365 42.399210
-71.117582 42.398910
-71.117324 42.398811
-71.116769 42.398596
-71.116701 42.398568
-71.116637 42.398546
-71.116002 42.398317
-71.115918 42.398288
-71.115846 42.398259
-71.115676 42.398196
-71.115247 42.398038
-71.115162 42.398006
-71.115081 42.397977
-71.114459 42.397743
-71.114423 42.397729
-71.114340 42.397699
-71.114283 42.397678
-71.114235 42.397660
-71.113849 42.397514
-71.113757 42.397481
-71.113647 42.397439
-71.113576 42.397411
-71.113086 42.397229
-71.112972 42.397186
-71.112893 42.397157
-71.112366 42.396964
-71.112256 42.396929
-71.112165 42.396890
-71.111648 42.396691
-71.111538 42.396649
-71.111455 42.396616
-71.110997 42.396447
-71.110897 42.396411
-71.110832 42.396390
-71.110456 42.396246
-71.110416 42.396231
-71.110306 42.396186

# residential 0.700 0.700 0.700
-71.115444 42.392316
-71.115500 42.392342
-71.117280 42.393175
-71.117315 42.393191
-71.117432 42.393246

# residential 0.700 0.700 0.700
-71.129114 42.400408
-71.129053 42.400372
-71.127882 42.399652
-71.127812 42.399608

# residential 0.700 0.700 0.700
-71.127639 42.398669
-71.127600 42.398647
-71.127044 42.398311

# residential 0.700 0.700 0.700
-71.122385 42.394117
-71.122342 42.394148
-71.121541 42.394704
-71.121457 42.394735

# residential 0.700 0.700 0.700
-71.125268 42.396488
-71.125321 42.396535
-71.125906 42.397057
-71.126012 42.397064
-71.126826 42.397123
-71.126998 42.397137
-71.127129 42.397148
-71.127291 42.397154
-71.127354 42.397132

# residential 0.700 0.700 0.700
-71.129566 42.400005
-71.129499 42.399966
-71.128322 42.399248
-71.128256 42.399208

# residential 0.700 0.700 0.700
-71.124168 42.400223
-71.124133 42.400263
-71.122994 42.401591
-71.122930 42.401642

# residential 0.700 0.700 0.700
-71.122239 42.401460
-71.122296 42.401390
-71.123677 42.399955
-71.124493 42.399139
-71.124514 42.399118
-71.124561 42.399065
-71.124599 42.399041

# residential 0.700 0.700 0.700
-71.119007 42.394318
-71.118987 42.394348
-71.118646 42.394842
-71.118605 42.394901

# residential 0.700 0.700 0.700
-71.121561 42.399217
-71.121533 42.399203
-71.120659 42.398759
-71.120581 42.398717

# residential 0.700 0.700 0.700
-71.121368 42.396817
-71.120996 42.396687

# residential 0.700 0.700 0.700
-71.125794 42.396179
-71.125836 42.396217
-71.126745 42.397042
-71.126826 42.397123

# residential 0.700 0.700 0.700
-71.117489 42.397446
-71.117549 42.397467
-71.120649 42.398593
-71.120758 42.398634

# residential 0.700 0.700 0.700
-71.125247 42.399854
-71.125210 42.399900
-71.125179 42.399937
-71.124915 42.400280
-71.123785 42.401749
-71.123766 42.401774
-71.123712 42.401848

# residential 0.700 0.700 0.700
-71.122649 42.397998
-71.122587 42.398067
-71.121916 42.398849
-71.121561 42.399217
-71.121027 42.399769
-71.119972 42.400846
-71.119932 42.400904

# residential 0.700 0.700 0.700
-71.122051 42.397076
-71.122296 42.397185
-71.122627 42.397338
-71.123174 42.397590
-71.123232 42.397619
-71.123256 42.397626
-71.123281 42.397623
-71.123314 42.397614
-71.123341 42.397604
-71.123404 42.397579

# residential 0.700 0.700 0.700
-71.122503 42.394908
-71.122549 42.394978
-71.122932 42.395563
-71.122956 42.395601
-71.123033 42.395719
-71.123093 42.395810
-71.123123 42.395856

# residential 0.700 0.700 0.700
-71.116291 42.394857
-71.116231 42.394841
-71.115555 42.394663
-71.114837 42.394490
-71.114174 42.394332
-71.114154 42.394328
-71.114086 42.394309

# residential 0.700 0.700 0.700
-71.118002 42.396599
-71.117975 42.396640
-71.117634 42.397151
-71.117608 42.397190

# residential 0.700 0.700 0.700
-71.121470 42.401274
-71.121514 42.401206
-71.124054 42.398606
-71.124069 42.398590
-71.124114 42.398562
-71.124168 42.398525

# residential 0.700 0.700 0.700
-71.126456 42.390811
-71.126054 42.391283
-71.125754 42.391637
-71.125642 42.391807
-71.125554 42.391989
-71.125289 42.392541
-71.125278 42.392596

# primary 0.900 0.800 0.100
-71.128251 42.395709
-71.128658 42.396063

# secondary 0.200 0.700 0.200
-71.117107 42.400875
-71.116945 42.400921

# secondary 0.200 0.700 0.200
-71.121347 42.394575
-71.121013 42.394002
-71.120937 42.393879
-71.120899 42.393826

# secondary 0.200 0.700 0.200
-71.122721 42.396728
-71.122884 42.396921

# secondary 0.200 0.700 0.200
-71.122240 42.396603
-71.122223 42.396627
-71.122202 42.396663
-71.122178 42.396706

# secondary 0.200 0.700 0.200
-71.122325 42.396486
-71.122573 42.396508

# secondary 0.200 0.700 0.200
-71.122325 42.396486
-71.122447 42.396552
-71.122546 42.396608
-71.122636 42.396670
-71.122721 42.396728

# secondary 0.200 0.700 0.200
-71.122721 42.396728
-71.122670 42.396652
-71.122633 42.396597
-71.122618 42.396575

# secondary 0.200 0.700 0.200
-71.118915 42.399440
-71.118785 42.399515
-71.118512 42.399684
-71.118207 42.399884
-71.117996 42.400048
-71.117693 42.400266
-71.117542 42.400375

# residential 0.700 0.700 0.700
-71.117852 42.395963
-71.117750 42.396101
-71.117575 42.396341
-71.117528 42.396402

# residential 0.700 0.700 0.700
-71.116701 42.398568
-71.116647 42.398645
-71.115938 42.399643
-71.115771 42.399887
-71.115576 42.400172
-71.115139 42.400793
-71.115124 42.400814
-71.115073 42.400885

# secondary 0.200 0.700 0.200
-71.117125 42.400695
-71.117054 42.400728
-71.116932 42.400827
-71.116889 42.400857
-71.116828 42.400900
-71.116753 42.400954

# tertiary 0.200 0.500 0.900
-71.138131 42.393861
-71.137997 42.393849
-71.137847 42.393837
-71.137616 42.393818
-71.137083 42.393774
-71.136998 42.393767
-71.136879 42.393758
-71.136794 42.393750
-71.136369 42.393716
-71.136229 42.393701
-71.135714 42.393663
-71.135310 42.393637
-71.135183 42.393631
-71.134161 42.393579
-71.134089 42.393575
-71.133974 42.393568
-71.133103 42.393518
-71.132875 42.393500
-71.132792 42.393495
-71.132135 42.393453
-71.132044 42.393445
-71.131978 42.393443
-71.131581 42.393418
-71.131164 42.393393
-71.131123 42.393391
-71.131081 42.393389
-71.131028 42.393388
-71.130812 42.393408
-71.130756 42.393402
-71.130685 42.393386
-71.130594 42.393366
-71.130084 42.393241
-71.129600 42.393122
-71.129161 42.393014
-71.129020 42.392979
-71.128916 42.392951
-71.128281 42.392792
-71.128019 42.392731
-71.127616 42.392634
-71.127553 42.392618
-71.127488 42.392603
-71.127355 42.392571
-71.127217 42.392542
-71.127100 42.392529
-71.127013 42.392523
-71.126802 42.392525
-71.126470 42.392541
-71.125278 42.392596

# secondary 0.200 0.700 0.200
-71.119483 42.395156
-71.119472 42.395162
-71.119463 42.395167
-71.119454 42.395170
-71.119444 42.395173
-71.119431 42.395176
-71.119415 42.395179
-71.119399 42.395181
-71.119384 42.395182
-71.119368 42.395183
-71.119353 42.395183
-71.119338 42.395181
-71.119323 42.395179
-71.119308 42.395176
-71.119295 42.395173
-71.119281 42.395170
-71.119237 42.395158
-71.119184 42.395143
-71.119078 42.395107

# secondary 0.200 0.700 0.200
-71.119261 42.395206
-71.119286 42.395219
-71.119314 42.395232
-71.119349 42.395248
-71.119382 42.395262
-71.119412 42.395274
-71.119440 42.395283
-71.119473 42.395294
-71.119506 42.395305
-71.119562 42.395322
-71.119611 42.395336
-71.119657 42.395352
-71.119710 42.395370
-71.119762 42.395390

# secondary_link 0.500 0.500 0.500
-71.119483 42.395156
-71.119478 42.395165
-71.119475 42.395174
-71.119473 42.395183
-71.119472 42.395195
-71.119472 42.395207
-71.119473 42.395216
-71.119475 42.395224
-71.119479 42.395231
-71.119485 42.395239
-71.119492 42.395245
-71.119503 42.395254
-71.119527 42.395271
-71.119558 42.395290
-71.119596 42.395311
-71.119643 42.395336
-71.119762 42.395390

# secondary 0.200 0.700 0.200
-71.116634 42.400984
-71.116388 42.401017
-71.116347 42.401022
-71.116140 42.401033
-71.116008 42.401050

# secondary 0.200 0.700 0.200
-71.123886 42.398188
-71.124168 42.398525
-71.124487 42.398920
-71.124546 42.398978
-71.124599 42.399041
-71.124690 42.399157
-71.124806 42.399301
-71.124842 42.399371
-71.124923 42.399468
-71.124997 42.399558
-71.125178 42.399763
-71.125247 42.399854
-71.125307 42.399930
-71.125580 42.400277
-71.125700 42.400423
-71.125931 42.400697

# primary 0.900 0.800 0.100
-71.128748 42.396011
-71.128332 42.395638
-71.128006 42.395342
-71.127971 42.395311

# residential 0.700 0.700 0.700
-71.120475 42.395697
-71.120432 42.395771
-71.120197 42.396181

# residential 0.700 0.700 0.700
-71.120014 42.396485
-71.119843 42.396761

# secondary 0.200 0.700 0.200
-71.119084 42.391576
-71.119141 42.391629
-71.119190 42.391678
-71.119242 42.391730
-71.119385 42.391883
-71.119800 42.392323

# secondary 0.200 0.700 0.200
-71.121441 42.397956
-71.121391 42.398023
-71.121328 42.398120
-71.121268 42.398206
-71.121205 42.398289
-71.121129 42.398369
-71.121105 42.398394
-71.120984 42.398490
-71.120853 42.398577
-71.120758 42.398634
-71.120581 42.398717
-71.119831 42.399038
-71.119749 42.399077

# secondary 0.200 0.700 0.200
-71.119762 42.395390
-71.120240 42.395598

# secondary 0.200 0.700 0.200
-71.121880 42.396282
-71.121916 42.396298
-71.122101 42.396380
-71.122179 42.396417
-71.122325 42.396486

# primary 0.900 0.800 0.100
-71.124480 42.392344
-71.124655 42.392506
-71.124798 42.392630
-71.124874 42.392696

# primary 0.900 0.800 0.100
-71.123835 42.391801
-71.124043 42.391958
-71.124218 42.392114
-71.124480 42.392344

# primary 0.900 0.800 0.100
-71.124994 42.392652
-71.124413 42.392149
-71.124364 42.392106
-71.123929 42.391731

# tertiary 0.200 0.500 0.900
-71.124874 42.392696
-71.124994 42.392652

# primary 0.900 0.800 0.100
-71.126423 42.393941
-71.126377 42.393900
-71.126153 42.393698

# primary 0.900 0.800 0.100
-71.127053 42.394500
-71.126922 42.394389
-71.126544 42.394052

# primary 0.900 0.800 0.100
-71.126332 42.393994
-71.126465 42.394112

# primary 0.900 0.800 0.100
-71.124874 42.392696
-71.124976 42.392786
-71.125267 42.393048

# secondary 0.200 0.700 0.200
-71.126965 42.394557
-71.127053 42.394500

# primary 0.900 0.800 0.100
-71.127119 42.394692
-71.127598 42.395112

# residential 0.700 0.700 0.700
-71.127207 42.394635
-71.127119 42.394692

# primary 0.900 0.800 0.100
-71.126965 42.394557
-71.127018 42.394604
-71.127119 42.394692

# primary 0.900 0.800 0.100
-71.127207 42.394635
-71.127106 42.394546
-71.127053 42.394500

# primary 0.900 0.800 0.100
-71.127682 42.395062
-71.127575 42.394962

# residential 0.700 0.700 0.700
-71.127682 42.395062
-71.127598 42.395112

# primary 0.900 0.800 0.100
-71.125881 42.393448
-71.125168 42.392803
-71.125126 42.392768
-71.124994 42.392652

# primary 0.900 0.800 0.100
-71.125267 42.393048
-71.125783 42.393506

# primary 0.900 0.800 0.100
-71.125783 42.393506
-71.126289 42.393956
-71.126332 42.393994

# primary_link 0.500 0.500 0.500
-71.125783 42.393506
-71.125881 42.393448

# primary 0.900 0.800 0.100
-71.127575 42.394962
-71.127207 42.394635

# primary 0.900 0.800 0.100
-71.127598 42.395112
-71.127866 42.395362

# primary 0.900 0.800 0.100
-71.127971 42.395311
-71.127682 42.395062

# tertiary 0.200 0.500 0.900
-71.127292 42.400080
-71.126871 42.400455
-71.126477 42.400805

# secondary 0.200 0.700 0.200
-71.116634 42.400984
-71.116517 42.401049
-71.116458 42.401102
-71.116437 42.401122

# secondary 0.200 0.700 0.200
-71.116945 42.400921
-71.116876 42.400931
-71.116753 42.400954

# secondary 0.200 0.700 0.200
-71.120899 42.393826
-71.120833 42.393890
-71.120623 42.394091

# secondary 0.200 0.700 0.200
-71.121347 42.394575
-71.121102 42.394374
-71.120781 42.394181
-71.120683 42.394122
-71.120623 42.394091

# secondary 0.200 0.700 0.200
-71.120475 42.395697
-71.120583 42.395742
-71.121044 42.395941
-71.121136 42.395982
-71.121300 42.396055
-71.121686 42.396220

# secondary 0.200 0.700 0.200
-71.116753 42.400954
-71.116634 42.400984

# secondary 0.200 0.700 0.200
-71.117108 42.401024
-71.117137 42.400980
-71.117165 42.400957
-71.117212 42.400927
-71.117240 42.400915
-71.117315 42.400898
-71.117429 42.400862

# residential 0.700 0.700 0.700
-71.127340 42.398055
-71.127298 42.398044
-71.126839 42.398022
-71.126741 42.398003
-71.126700 42.397930

# secondary 0.200 0.700 0.200
-71.117101 42.401001
-71.117107 42.400875

# residential 0.700 0.700 0.700
-71.121229 42.397311
-71.121259 42.397264
-71.121385 42.397027

# secondary 0.200 0.700 0.200
-71.117429 42.400862
-71.117305 42.400845
-71.117245 42.400851
-71.117204 42.400858
-71.117136 42.400868
-71.117107 42.400875

# secondary 0.200 0.700 0.200
-71.117108 42.401024
-71.117101 42.401001

# tertiary 0.200 0.500 0.900
-71.125278 42.392596
-71.125151 42.392620
-71.125118 42.392626
-71.124994 42.392652

# secondary 0.200 0.700 0.200
-71.119078 42.395107
-71.119121 42.395129
-71.119152 42.395146
-71.119185 42.395163
-71.119230 42.395190
-71.119261 42.395206

# primary 0.900 0.800 0.100
-71.126544 42.394052
-71.126423 42.393941

# primary 0.900 0.800 0.100
-71.126153 42.393698
-71.125881 42.393448

# secondary 0.200 0.700 0.200
-71.124803 42.394882
-71.124751 42.394912
-71.123198 42.395813
-71.123123 42.395856
-71.122521 42.396186
-71.122490 42.396203
-71.122409 42.396240

# primary 0.900 0.800 0.100
-71.126465 42.394112
-71.126965 42.394557

# secondary 0.200 0.700 0.200
-71.119078 42.395107
-71.118605 42.394901
-71.117751 42.394532
-71.116882 42.394156
-71.116819 42.394129
-71.116744 42.394096
-71.116186 42.393855
-71.115547 42.393579
-71.114997 42.393341
-71.114886 42.393293
-71.114766 42.393241
-71.114071 42.392941
-71.113999 42.392910
-71.113944 42.392886
-71.113155 42.392545
-71.112462 42.392245
-71.112401 42.392219
-71.112347 42.392195
-71.112112 42.392089
-71.111638 42.391876
-71.111216 42.391686
-71.111135 42.391650
-71.110892 42.391540
-71.110571 42.391396

# secondary 0.200 0.700 0.200
-71.122618 42.396575
-71.122573 42.396508

# secondary 0.200 0.700 0.200
-71.122178 42.396706
-71.122126 42.396796
-71.122108 42.396831
-71.122090 42.396860
-71.122051 42.396928
-71.121984 42.397047
-71.121926 42.397143
-71.121717 42.397492
-71.121693 42.397532
-71.121669 42.397568
-71.121441 42.397956

# residential 0.700 0.700 0.700
-71.117852 42.395963
-71.117892 42.395925
-71.117964 42.395824

# secondary 0.200 0.700 0.200
-71.119749 42.399077
-71.119653 42.399121
-71.119010 42.399403
-71.118915 42.399440

# secondary 0.200 0.700 0.200
-71.117433 42.400457
-71.117238 42.400604

# secondary 0.200 0.700 0.200
-71.117542 42.400375
-71.117433 42.400457

# secondary 0.200 0.700 0.200
-71.117610 42.400856
-71.117696 42.400852

# secondary 0.200 0.700 0.200
-71.117429 42.400862
-71.117610 42.400856

# secondary 0.200 0.700 0.200
-71.117238 42.400604
-71.117125 42.400695

# secondary 0.200 0.700 0.200
-71.122573 42.396508
-71.122656 42.396504
-71.123257 42.396415

# secondary 0.200 0.700 0.200
-71.121457 42.394735
-71.121347 42.394575

# secondary 0.200 0.700 0.200
-71.122325 42.396486
-71.122288 42.396537
-71.122240 42.396603

# secondary 0.200 0.700 0.200
-71.122919 42.396963
-71.123404 42.397579

# secondary 0.200 0.700 0.200
-71.117107 42.400875
-71.117108 42.400834
-71.117113 42.400800
-71.117120 42.400754
-71.117125 42.400695

# secondary 0.200 0.700 0.200
-71.117101 42.401001
-71.117081 42.400976
-71.117076 42.400970
-71.117042 42.400949
-71.116945 42.400921

# residential 0.700 0.700 0.700
-71.124341 42.400312
-71.124284 42.400282

# secondary 0.200 0.700 0.200
-71.123440 42.397626
-71.123650 42.397889
-71.123793 42.398070

# secondary 0.200 0.700 0.200
-71.121686 42.396220
-71.121880 42.396282

# tertiary 0.200 0.500 0.900
-71.126477 42.400805
-71.126266 42.400931
-71.126241 42.400948
-71.126203 42.400968
-71.126180 42.400982
-71.126135 42.401037

# secondary 0.200 0.700 0.200
-71.125931 42.400697
-71.126000 42.400850
-71.126056 42.400923
-71.126096 42.400979
-71.126135 42.401037
-71.126186 42.401107
-71.126288 42.401284
-71.126335 42.401347

# secondary 0.200 0.700 0.200
-71.126335 42.401347
-71.126325 42.401274
-71.126276 42.401142
-71.126252 42.401088
-71.126219 42.401041
-71.126180 42.400982
-71.126121 42.400900
-71.126060 42.400824
-71.125931 42.400697

# tertiary 0.200 0.500 0.900
-71.126135 42.401037
-71.126219 42.401041
-71.126249 42.401027
-71.126282 42.401007
-71.126343 42.400967
-71.126477 42.400805

# residential 0.700 0.700 0.700
-71.120111 42.396326
-71.120034 42.396452

# secondary 0.200 0.700 0.200
-71.123793 42.398070
-71.123886 42.398188

# residential 0.700 0.700 0.700
-71.119834 42.397911
-71.120083 42.397988
-71.120493 42.398143
-71.120692 42.398213
-71.121036 42.398336
-71.121129 42.398369

# primary 0.900 0.800 0.100
-71.127866 42.395362
-71.127892 42.395381
-71.127942 42.395431
-71.128132 42.395601
-71.128251 42.395709

# residential 0.700 0.700 0.700
-71.120172 42.396224
-71.120149 42.396264

# residential 0.700 0.700 0.700
-71.120197 42.396181
-71.120172 42.396224

# secondary 0.200 0.700 0.200
-71.122884 42.396921
-71.122919 42.396963

# residential 0.700 0.700 0.700
-71.120149 42.396264
-71.120111 42.396326

# residential 0.700 0.700 0.700
-71.121625 42.397460
-71.121658 42.397472
-71.121717 42.397492

# residential 0.700 0.700 0.700
-71.121984 42.397047
-71.122051 42.397076

# secondary 0.200 0.700 0.200
-71.123404 42.397579
-71.123440 42.397626

# residential 0.700 0.700 0.700
-71.124484 42.396943
-71.124502 42.396998
-71.124508 42.397016
-71.124631 42.397340

# residential 0.700 0.700 0.700
-71.124445 42.396535
-71.124730 42.396761
-71.124763 42.396787

# tertiary 0.200 0.500 0.900
-71.117528 42.396402
-71.117418 42.396358
-71.117045 42.396209
-71.116633 42.396045
-71.116544 42.396012
-71.115856 42.395747
-71.115730 42.395696

# tertiary 0.200 0.500 0.900
-71.118002 42.396599
-71.117528 42.396402

# residential 0.700 0.700 0.700
-71.117639 42.397224
-71.117608 42.397190

# residential 0.700 0.700 0.700
-71.117091 42.398006
-71.116737 42.398515
-71.116701 42.398568

# secondary 0.200 0.700 0.200
-71.117696 42.400852
-71.118084 42.400835
-71.118764 42.400806
-71.119044 42.400804
-71.119254 42.400814
-71.119576 42.400848
-71.119932 42.400904

# secondary 0.200 0.700 0.200
-71.119932 42.400904
-71.119958 42.400910
-71.120761 42.401107

# residential 0.700 0.700 0.700
-71.118605 42.394901
-71.118567 42.394958
-71.118407 42.395195
-71.118375 42.395241

# secondary 0.200 0.700 0.200
-71.126332 42.393994
-71.126255 42.394039
-71.125521 42.394465
-71.124881 42.394836
-71.124856 42.394851
-71.124803 42.394882

# secondary 0.200 0.700 0.200
-71.125476 42.395459
-71.125526 42.395433
-71.126893 42.394601
-71.126965 42.394557

